-0.449589	1.43E-09
-0.44911	1.53E-09
-0.448632	1.65E-09
-0.448154	1.77E-09
-0.447675	1.90E-09
-0.447227	2.03E-09
-0.446778	2.17E-09
-0.44633	2.32E-09
-0.445881	2.49E-09
-0.445432	2.67E-09
-0.444984	2.86E-09
-0.444535	3.07E-09
-0.444087	3.28E-09
-0.443638	3.51E-09
-0.443194	3.75E-09
-0.442749	4.02E-09
-0.442305	4.30E-09
-0.44186	4.61E-09
-0.441416	4.94E-09
-0.440971	5.30E-09
-0.440527	5.67E-09
-0.440082	6.07E-09
-0.439638	6.49E-09
-0.439194	6.93E-09
-0.438751	7.42E-09
-0.438308	7.95E-09
-0.437864	8.51E-09
-0.437421	9.11E-09
-0.436978	9.75E-09
-0.436534	1.04E-08
-0.436091	1.12E-08
-0.435648	1.19E-08
-0.435205	1.27E-08
-0.434762	1.36E-08
-0.434319	1.45E-08
-0.433876	1.55E-08
-0.433433	1.66E-08
-0.432991	1.78E-08
-0.432548	1.90E-08
-0.432105	2.02E-08
-0.431662	2.16E-08
-0.431219	2.30E-08
-0.430776	2.45E-08
-0.430333	2.62E-08
-0.429891	2.80E-08
-0.429448	2.99E-08
-0.429005	3.19E-08
-0.428562	3.40E-08
-0.428119	3.62E-08
-0.427676	3.86E-08
-0.427218	4.11E-08
-0.42676	4.39E-08
-0.426301	4.70E-08
-0.425843	5.02E-08
-0.425384	5.36E-08
-0.424926	5.73E-08
-0.424468	6.12E-08
-0.424009	6.53E-08
-0.423551	6.96E-08
-0.423001	7.51E-08
-0.422451	8.12E-08
-0.421901	8.79E-08
-0.421351	9.52E-08
-0.420801	1.03E-07
-0.420251	1.12E-07
-0.419701	1.21E-07
-0.419151	1.30E-07
-0.41860	1.41E-07
-0.417929	1.54E-07
-0.417258	1.69E-07
-0.416587	1.87E-07
-0.415915	2.06E-07
-0.415244	2.27E-07
-0.414573	2.50E-07
-0.413901	2.75E-07
-0.41323	3.02E-07
-0.412559	3.31E-07
-0.411741	3.68E-07
-0.410923	4.13E-07
-0.410105	4.65E-07
-0.409287	5.26E-07
-0.40847	5.93E-07
-0.407652	6.69E-07
-0.406834	7.52E-07
-0.406016	8.43E-07
-0.405198	9.41E-07
-0.404368	1.05E-06
-0.403538	1.18E-06
-0.402708	1.33E-06
-0.401878	1.50E-06
-0.401048	1.70E-06
-0.400218	1.92E-06
-0.399388	2.16E-06
-0.398558	2.42E-06
-0.397728	2.71E-06
-0.396992	2.98E-06
-0.396256	3.31E-06
-0.39552	3.68E-06
-0.394784	4.10E-06
-0.394048	4.56E-06
-0.393312	5.07E-06
-0.392576	5.63E-06
-0.39184	6.23E-06
-0.391104	6.88E-06
-0.39047	7.50E-06
-0.389835	8.20E-06
-0.38920	8.99E-06
-0.388565	9.86E-06
-0.38793	1.08E-05
-0.387295	1.18E-05
-0.38666	1.30E-05
-0.386025	1.42E-05
-0.38539	1.54E-05
-0.384792	1.68E-05
-0.384195	1.82E-05
-0.383597	1.99E-05
-0.382999	2.17E-05
-0.382401	2.36E-05
-0.381803	2.57E-05
-0.381205	2.80E-05
-0.380608	3.04E-05
-0.38001	3.30E-05
-0.37941	3.59E-05
-0.378811	3.90E-05
-0.378211	4.25E-05
-0.377612	4.64E-05
-0.377012	5.06E-05
-0.376413	5.52E-05
-0.375814	6.01E-05
-0.375214	6.53E-05
-0.374615	7.09E-05
-0.373979	7.73E-05
-0.373344	8.45E-05
-0.372708	9.26E-05
-0.372073	0.00010148
-0.371437	0.000111264
-0.370802	0.000121907
-0.370166	0.000133409
-0.369531	0.00014577
-0.368895	0.000158989
-0.368222	0.000174219
-0.367548	0.000191606
-0.366875	0.000211149
-0.366201	0.000232848
-0.365528	0.000256704
-0.364854	0.000282717
-0.364181	0.000310886
-0.363507	0.000341211
-0.362834	0.000373693
-0.36220	0.000407402
-0.361567	0.000445543
-0.360934	0.000488115
-0.360301	0.000535118
-0.359668	0.000586552
-0.359034	0.000642417
-0.358401	0.000702714
-0.357768	0.000767442
-0.357135	0.000836601
-0.356521	0.000910012
-0.355906	0.000992617
-0.355292	0.00108442
-0.354677	0.00118541
-0.354063	0.0012956
-0.353449	0.00141498
-0.352834	0.00154356
-0.35222	0.00168133
-0.351606	0.00182829
-0.350942	0.00199971
-0.350279	0.00219555
-0.349616	0.00241583
-0.348953	0.00266053
-0.348289	0.00292967
-0.347626	0.00322323
-0.346963	0.00354123
-0.34630	0.00388365
-0.345636	0.0042505
-0.344979	0.00464545
-0.344322	0.00509584
-0.343665	0.00560167
-0.343008	0.00616294
-0.34235	0.00677966
-0.341693	0.00745182
-0.341036	0.00817942
-0.340379	0.00896247
-0.339722	0.00980096
-0.339113	0.0106518
-0.338504	0.0116083
-0.337895	0.0126703
-0.337286	0.0138379
-0.336677	0.0151111
-0.336068	0.0164899
-0.335459	0.0179742
-0.33485	0.0195642
-0.334241	0.0212597
-0.333643	0.0230693
-0.333045	0.0250994
-0.332447	0.02735
-0.331849	0.0298211
-0.331251	0.0325127
-0.330653	0.0354248
-0.330056	0.0385573
-0.329458	0.0419104
-0.32886	0.0454839
-0.328262	0.0493285
-0.327664	0.0536483
-0.327066	0.0584433
-0.326469	0.0637136
-0.325871	0.0694591
-0.325273	0.0756798
-0.324675	0.0823757
-0.324077	0.0895469
-0.323479	0.0971933
-0.322882	0.105438
-0.322284	0.114687
-0.321686	0.124942
-0.321088	0.136202
-0.32049	0.148468
-0.319892	0.161738
-0.319294	0.176014
-0.318697	0.191295
-0.318099	0.207581
-0.317501	0.225306
-0.316903	0.245155
-0.316305	0.26713
-0.315707	0.29123
-0.31511	0.317454
-0.314512	0.345803
-0.313914	0.376278
-0.313316	0.408877
-0.312718	0.443601
-0.31212	0.481291
-0.311522	0.523504
-0.310925	0.570241
-0.310327	0.621502
-0.309729	0.677287
-0.309131	0.737596
-0.308533	0.802428
-0.307935	0.871784
-0.307338	0.945664
-0.306716	1.02819
-0.306094	1.12117
-0.305473	1.22461
-0.304851	1.3385
-0.30423	1.46285
-0.303608	1.59766
-0.302986	1.74292
-0.302365	1.89864
-0.301743	2.06481
-0.301035	2.26807
-0.300328	2.49988
-0.29962	2.76022
-0.298912	3.04911
-0.298204	3.36653
-0.297496	3.7125
-0.296789	4.08702
-0.296081	4.49007
-0.295373	4.92167
-0.294682	5.38275
-0.293991	5.89184
-0.29330	6.44891
-0.292609	7.05398
-0.291918	7.70705
-0.291227	8.4081
-0.290536	9.15716
-0.289845	9.9542
-0.289155	10.7992
-0.288543	11.601
-0.287932	12.439
-0.287321	13.3133
-0.28671	14.2238
-0.286099	15.1706
-0.285488	16.1536
-0.284876	17.1728
-0.284265	18.2283
-0.283654	19.3201
-0.283056	20.4139
-0.282458	21.5005
-0.281861	22.5799
-0.281263	23.652
-0.280665	24.7168
-0.280067	25.7744
-0.279469	26.8248
-0.278871	27.8679
-0.278274	28.9038
-0.277667	29.9139
-0.277061	30.8719
-0.276455	31.7777
-0.275849	32.6314
-0.275243	33.4329
-0.274637	34.1823
-0.274031	34.8796
-0.273425	35.5247
-0.272819	36.1176
-0.272167	36.6778
-0.271515	37.1639
-0.270863	37.5758
-0.27021	37.9135
-0.269558	38.1771
-0.268906	38.3665
-0.268254	38.4817
-0.267602	38.5228
-0.26695	38.4896
-0.266282	38.3774
-0.265615	38.1956
-0.264948	37.9445
-0.264281	37.6239
-0.263613	37.2339
-0.262946	36.7745
-0.262279	36.2457
-0.261612	35.6474
-0.260945	34.9797
-0.260327	34.309
-0.259709	33.6114
-0.259092	32.8869
-0.258474	32.1354
-0.257857	31.357
-0.257239	30.5516
-0.256621	29.7193
-0.256004	28.8601
-0.255386	27.9739
-0.25476	27.0745
-0.254134	26.194
-0.253508	25.3324
-0.252882	24.4898
-0.252257	23.6661
-0.251631	22.8613
-0.251005	22.0754
-0.250379	21.3085
-0.249753	20.5605
-0.249072	19.8002
-0.248392	19.0803
-0.247712	18.4007
-0.247031	17.7614
-0.246351	17.1625
-0.245671	16.6039
-0.24499	16.0856
-0.24431	15.6077
-0.24363	15.1701
-0.242819	14.7005
-0.242008	14.2691
-0.241197	13.876
-0.240386	13.5211
-0.239575	13.2044
-0.238764	12.9259
-0.237953	12.6856
-0.237142	12.4836
-0.236331	12.3198
-0.235429	12.1658
-0.234527	12.0414
-0.233626	11.9465
-0.232724	11.8811
-0.231822	11.8452
-0.230921	11.8388
-0.230019	11.862
-0.229117	11.9146
-0.228215	11.9968
-0.227359	12.0941
-0.226502	12.2284
-0.225646	12.3998
-0.22479	12.6082
-0.223933	12.8536
-0.223077	13.1361
-0.22222	13.4556
-0.221364	13.8122
-0.220507	14.2058
-0.219796	14.575
-0.219084	14.9871
-0.218373	15.4421
-0.217661	15.94
-0.216949	16.4808
-0.216238	17.0644
-0.215526	17.691
-0.214815	18.3604
-0.214103	19.0727
-0.213463	19.763
-0.212822	20.4849
-0.212181	21.2384
-0.211541	22.0235
-0.21090	22.8401
-0.210259	23.6884
-0.209619	24.5682
-0.208978	25.4796
-0.208337	26.4226
-0.207727	27.3372
-0.207117	28.2396
-0.206507	29.1297
-0.205897	30.0075
-0.205287	30.8731
-0.204677	31.7264
-0.204067	32.5675
-0.203457	33.3962
-0.202847	34.2127
-0.202195	35.0383
-0.201543	35.8026
-0.200891	36.5057
-0.200239	37.1475
-0.199587	37.7281
-0.198935	38.2474
-0.198283	38.7056
-0.197631	39.1024
-0.196979	39.4381
-0.196312	39.6998
-0.195645	39.8811
-0.194977	39.9821
-0.19431	40.0027
-0.193642	39.9431
-0.192975	39.8031
-0.192308	39.5827
-0.19164	39.282
-0.190973	38.901
-0.190355	38.4736
-0.189738	37.9818
-0.18912	37.4258
-0.188503	36.8055
-0.187885	36.1209
-0.187268	35.372
-0.18665	34.5588
-0.186033	33.6813
-0.185415	32.7395
-0.184817	31.7723
-0.18422	30.7808
-0.183622	29.7649
-0.183024	28.7247
-0.182426	27.6601
-0.181828	26.5711
-0.18123	25.4578
-0.180633	24.3202
-0.180035	23.1582
-0.179437	22.0051
-0.178839	20.8782
-0.178241	19.7774
-0.177643	18.7027
-0.177045	17.6542
-0.176448	16.6317
-0.17585	15.6354
-0.175252	14.6652
-0.174654	13.7211
-0.174056	12.83
-0.173458	11.9798
-0.172861	11.1707
-0.172263	10.4025
-0.171665	9.67528
-0.171067	8.98903
-0.170469	8.34374
-0.169871	7.73943
-0.169274	7.17608
-0.168676	6.65081
-0.168078	6.15507
-0.16748	5.68886
-0.166882	5.25219
-0.166284	4.84507
-0.165686	4.46747
-0.165089	4.11942
-0.164491	3.8009
-0.163893	3.51192
-0.163295	3.24301
-0.162697	2.9902
-0.162099	2.7535
-0.161502	2.5329
-0.160904	2.32841
-0.160306	2.14002
-0.159708	1.96773
-0.15911	1.81155
-0.158512	1.67147
-0.157919	1.54214
-0.157325	1.42068
-0.156731	1.30711
-0.156138	1.20141
-0.155544	1.10359
-0.154951	1.01365
-0.154357	0.931585
-0.153763	0.857401
-0.15317	0.791097
-0.152602	0.732049
-0.152034	0.676491
-0.151466	0.624422
-0.150898	0.575843
-0.15033	0.530753
-0.149762	0.489153
-0.149194	0.451043
-0.148626	0.416422
-0.148059	0.385291
-0.147532	0.358261
-0.147005	0.332757
-0.146478	0.308778
-0.14595	0.286324
-0.145423	0.265396
-0.144896	0.245993
-0.144369	0.228115
-0.143842	0.211762
-0.143315	0.196934
-0.142877	0.185261
-0.14244	0.174156
-0.142002	0.16362
-0.141564	0.153653
-0.141126	0.144255
-0.140688	0.135426
-0.14025	0.127166
-0.139812	0.119475
-0.139374	0.112352
-0.139015	0.106787
-0.138656	0.101449
-0.138297	0.09634
-0.137938	0.0914593
-0.137579	0.0868069
-0.13722	0.0823828
-0.136861	0.078187
-0.136502	0.0742195
-0.136143	0.0704804
-0.13585	0.0675434
-0.135556	0.0647059
-0.135262	0.0619679
-0.134969	0.0593295
-0.134675	0.0567906
-0.134382	0.0543513
-0.134088	0.0520114
-0.133794	0.0497711
-0.133501	0.0476303
-0.13326	0.0459322
-0.133019	0.0442805
-0.132779	0.0426752
-0.132538	0.0411165
-0.132297	0.0396042
-0.132057	0.0381384
-0.131816	0.0367191
-0.131575	0.0353462
-0.131335	0.0340198
-0.131137	0.0329601
-0.13094	0.0319231
-0.130743	0.0309089
-0.130545	0.0299175
-0.130348	0.0289488
-0.130151	0.028003
-0.129953	0.02708
-0.129756	0.0261798
-0.129558	0.0253023
-0.129397	0.0245969
-0.129235	0.023903
-0.129073	0.0232207
-0.128911	0.02255
-0.128749	0.0218908
-0.128588	0.0212433
-0.128426	0.0206073
-0.128264	0.0199828
-0.128102	0.01937
-0.12797	0.0188747
-0.127837	0.0183855
-0.127704	0.0179023
-0.127572	0.0174251
-0.127439	0.0169539
-0.127306	0.0164888
-0.127174	0.0160296
-0.127041	0.0155765
-0.126908	0.0151294
-0.126799	0.0147665
-0.126691	0.0144068
-0.126582	0.0140502
-0.126473	0.0136969
-0.126364	0.0133467
-0.126255	0.0129997
-0.126147	0.0126559
-0.126038	0.0123152
-0.125929	0.0119778
-0.125829	0.0116712
-0.12573	0.0113668
-0.12563	0.0110645
-0.12553	0.0107643
-0.125431	0.0104662
-0.125331	0.0101703
-0.125231	0.00987647
-0.125132	0.00958477
-0.125032	0.0092952
-0.124933	0.00900749
-0.124833	0.00872164
-0.124733	0.00843766
-0.124634	0.00815554
-0.124534	0.00787529
-0.124434	0.0075969
-0.124335	0.00732038
-0.124235	0.00704573
-0.124135	0.00677294
-0.124036	0.00650162
-0.123936	0.006233
-0.123836	0.00596708
-0.123737	0.00570384
-0.123637	0.00544331
-0.123538	0.00518546
-0.123438	0.00493032
-0.123338	0.00467786
-0.123239	0.0044281
-0.123139	0.00418144
-0.123039	0.00394112
-0.12294	0.00370714
-0.12284	0.00347951
-0.12274	0.00325822
-0.122641	0.00304328
-0.122541	0.00283469
-0.122441	0.00263244
-0.122342	0.00243653
-0.122242	0.0022507
-0.122143	0.00207456
-0.122043	0.00190811
-0.121943	0.00175135
-0.121844	0.00160428
-0.121744	0.00146691
-0.121644	0.00133923
-0.121545	0.00122125
-0.121445	0.00111295
-0.121345	0.00101578
-0.121246	0.000925161
-0.121146	0.000841097
-0.121047	0.000763587
-0.120947	0.00069263
-0.120847	0.000628227
-0.120748	0.000570378
-0.120648	0.000519083
-0.120548	0.000474341
-0.120449	0.000432935
-0.120349	0.000394498
-0.120249	0.00035903
-0.12015	0.000326532
-0.12005	0.000297003
-0.11995	0.000270444
-0.119851	0.000246854
-0.119751	0.000226234
-0.119652	0.000208583
-0.119552	0.00019273
-0.119452	0.000178182
-0.119353	0.000164938
-0.119253	0.000152998
-0.119153	0.000142364
-0.119054	0.000133034
-0.118954	0.000125008
-0.118854	0.000118287
-0.118755	0.000112871
-0.118655	0.000107995
-0.118556	0.000103512
-0.118456	9.94E-05
-0.118356	9.57E-05
-0.118257	9.24E-05
-0.118157	8.95E-05
-0.118057	8.70E-05
-0.117958	8.49E-05
-0.117858	8.32E-05
-0.117758	8.15E-05
-0.117659	7.99E-05
-0.117559	7.84E-05
-0.117459	7.70E-05
-0.11736	7.56E-05
-0.11726	7.44E-05
-0.117161	7.32E-05
-0.117061	7.21E-05
-0.116961	7.11E-05
-0.116862	7.01E-05
-0.116762	6.91E-05
-0.116662	6.81E-05
-0.116563	6.72E-05
-0.116463	6.63E-05
-0.116363	6.54E-05
-0.116264	6.45E-05
-0.116164	6.36E-05
-0.116065	6.27E-05
-0.115961	6.19E-05
-0.115858	6.10E-05
-0.115755	6.01E-05
-0.115652	5.93E-05
-0.115549	5.85E-05
-0.115446	5.76E-05
-0.115343	5.68E-05
-0.11524	5.60E-05
-0.115137	5.52E-05
-0.115026	5.44E-05
-0.114915	5.36E-05
-0.114803	5.28E-05
-0.114692	5.20E-05
-0.114581	5.12E-05
-0.11447	5.04E-05
-0.114359	4.96E-05
-0.114248	4.89E-05
-0.114137	4.81E-05
-0.114017	4.73E-05
-0.113897	4.66E-05
-0.113777	4.58E-05
-0.113657	4.51E-05
-0.113537	4.43E-05
-0.113418	4.36E-05
-0.113298	4.29E-05
-0.113178	4.22E-05
-0.113058	4.15E-05
-0.112929	4.08E-05
-0.112799	4.01E-05
-0.11267	3.94E-05
-0.112541	3.87E-05
-0.112412	3.81E-05
-0.112283	3.74E-05
-0.112153	3.68E-05
-0.112024	3.62E-05
-0.111895	3.56E-05
-0.111755	3.49E-05
-0.111616	3.43E-05
-0.111477	3.37E-05
-0.111337	3.31E-05
-0.111198	3.25E-05
-0.111059	3.19E-05
-0.110919	3.13E-05
-0.11078	3.08E-05
-0.11064	3.02E-05
-0.11049	2.97E-05
-0.11034	2.91E-05
-0.11019	2.85E-05
-0.110039	2.80E-05
-0.109889	2.75E-05
-0.109739	2.70E-05
-0.109588	2.65E-05
-0.109438	2.60E-05
-0.109288	2.55E-05
-0.109126	2.50E-05
-0.108964	2.45E-05
-0.108802	2.40E-05
-0.10864	2.36E-05
-0.108477	2.31E-05
-0.108315	2.27E-05
-0.108153	2.22E-05
-0.107991	2.18E-05
-0.107829	2.14E-05
-0.107654	2.09E-05
-0.10748	2.05E-05
-0.107305	2.01E-05
-0.10713	1.97E-05
-0.106955	1.93E-05
-0.106781	1.89E-05
-0.106606	1.85E-05
-0.106431	1.81E-05
-0.106256	1.78E-05
-0.106059	1.74E-05
-0.105861	1.70E-05
-0.105663	1.66E-05
-0.105466	1.62E-05
-0.105268	1.59E-05
-0.10507	1.55E-05
-0.104873	1.52E-05
-0.104675	1.48E-05
-0.104478	1.45E-05
-0.104237	1.41E-05
-0.103996	1.38E-05
-0.103755	1.34E-05
-0.103515	1.30E-05
-0.103274	1.27E-05
-0.103033	1.24E-05
-0.102792	1.20E-05
-0.102551	1.17E-05
-0.102311	1.14E-05
-0.102017	1.11E-05
-0.101723	1.07E-05
-0.10143	1.04E-05
-0.101136	1.01E-05
-0.100842	9.76E-06
-0.100549	9.46E-06
-0.100255	9.17E-06
